%YAML:1.0
---
model_type: PINHOLE
camera_name: cam0
image_width: 848
image_height: 480
distortion_parameters:
   k1: 0.003916747322638479
   k2: -0.0013856136682756984
   p1: -0.002293252785007127
   p2: 0.0009102920791396056
projection_parameters:
   fx: 430.06572450288667
   fy: 428.679198364857
   cx: 428.85987542287984
   cy: 236.79908843267552